11011001110110100111101111101010000110100011000111011000101010111110001010100010011110110100111010000101010111000101110001011100
01010000111011010000000011000100100000111000100011101010100110110000111110110111110000100000010011000010110000010010110100111001
10010111000101010111101001101111110010001110010010111011111001000011001011000100000011010011010111110010011100010110000010010010
11101011101000000010111000110111100110000001011111010110001101101010000101000100010101010001110111110100100110101101111000110111
11110000000111110010111001110010010010101100000010101011001101011011111000111010001000001111111101111010011111010111111111001010
11010000000001011010001100110010000110111011111100001000010111000010101111000110000100011010111010001000001000001000001110011101
00100111111011001011001011100011101001011110111000111000100101001000100001011011010100101000100100110000011101000000000011100011
10011000010101000110101110000011000000111001111010001001111011101101010000011101110010011110010111111001101011000001011101010001
00101010111101110000110101101011111100000110011111010011011111101101010000011101110011001010011100000100110000111000101101001111
01011101101110101001101110010011110000110101010110100101011101100110000000001010001111100001111011011110010111000011100101101111
11110011011101111010011101011100011111010000000000000000000000000000000000000000000000000000000000000000000000000000000000000000
