00111011000101100111100111010001000011001111010000000100111111100001001011110011111100011110110110110001101111001000101011010110
00001111010101011111001110110110110111100110000010000000000001010000000000111000100000101101111010011001111010101100000101000011
11000001110011111101000010100101100111001111101001011000100000000101100100101111010111000111101101001011111100100011100111001110
10100011000110001100100101110110100011010110101001100101110011111010001111111000111101101000010000010001011011011001110111100000
01100000010100000101110001100110110100110111000100110001001011001111010001111010111001111111010010010000010000101111001011101000
11110101111100100001110111101011101001101100000101010110000001110101101111100011001110110001101100111100111011101101101010010000
11001011110111110110010111100111111011011010000010001011101100010111001000011110001100011000101011111010001011110111011100011101
11001110011000111101100001111010000101110111010010001001011101010101100011011000100001111101000110010110011101011001001011111010
11100111100000010000010000110101110100110110100010010111100110111111001010100101100100000100010100011011111000010001001100010101
10101100110010110111001111011110101111110000000110010011011001000110010100000010111100111001011110000110010010100111100101101011
01101111001011100101010111001101101001100000000000000000000000000000000000000000000000000000000000000000000000000000000000000000
