10101100001011110111001111111101001011000011110010011001110110100110000110110001010010001011111000000001010011100011101010010010
00110101010001001010010000101000001100001011001010111010101100011100010011111001101000011110010101010000001101010101001110110010
10101100101101110001011010011000001011101111100011100000010011001101001100010011000100110101111100101011100110011001101001011110
01101011100101010101011111001011011010111001000111010011100101110101010101001000011111100111000001111111000001110000110000001000
00001000000011000110011100001101110111100001100011101000100111010100110001110011101001000001110011100100110001011111101000111101
11111000111100010111010110011011001010001010111010011100110011000010011100100111001100010010111010001010111110100111001011010001
11011101111001000000110111011100000000101000000101101110000001011001010011110000111110110101010001010100010001101001000010100000
10100110110110100000010011101110011111000000111010100000110111111001111011100111010101011100101111000110100101100000011110110011
00110001001101001101111110101100111111101011101101101110100110001111000111010000001011101111110110011010000110000010110110101011
11111101101110101011101101110100110000101001000111011000011011100001010000100001011001110100010000011110000011001101010010000100
01100011110011110101000011111011010000111000011101100010011111101101000010101100100100101110111111001100100110110000001001100100
10000101000101010010110100001110110010000110000000100110101001001011010111111110101011000111000100011100110000010001000000101000
00100011001010011100000111100010100010111111011011110100010100111011000000000100010001001101001101000110001001101110011001010011
00010110101011011101010100111010100110100110110001110000101001010001110111011010110111111101010011011111010001011000001111001110
00000110110001111001110111000111011100111100101010110110111001110001111100011100111011011000001110111101111101010111011010001111
11110110001101001101000100101110010011100010011111100011011100111000010101000101000000000000000000000000000000000000000000000000
11110110001101001101000100101110010011100010011111100011011100111000010101000101000000000000000000000000000000000000000000000000
