00001010011000000000111010110101111000000100011111010110110100001110110011000000110000110001001100001111000000010001101011001110
00011000001101000100110010101111011101010101001111010010111111000000010100011011011011111100111101100111111101010111110011110111
10010010001000101001010001101010111111011111100001011101000000101100000011110101001110000111110111110111000100101111000011111101
00001011101100111000001011000010011110010000011111101001111100011110100111101100001010011010110011001000100100111010100000000101
11000111000000101111111010100110111111111101111010011110111110000010000001101000010110000000111000110000001110010011101010001101
11110011010000100110011011001111000110000101100010110011111111100000101111011111100000110111011101111100110110010101110001010011
00100111101011111101101001000000011001101000011101001001111110110001111101111000011001110011111101011000011101011011010001000110
11110011110010001101111110011111001111110110011111011001101001011000011000110100001101011000100001110110100110001010111110001101
10000111001011100010110000011111000000011011101110000010001100000010100111110001000100010100010010101111001000101010001100101110
00100000100110101011110110011111100000000001111001100100111110110111001110101110101100100011101011111001000101011001011010000010
00101011101011001111001000111111110010001110001110110011110100010111101001000011110101010001001011000111101011101000111001011100
01011001100010110001011011111101010001001100000101010001101111001101101110110100011001010000110011110100111110010001100110100000
10110000000111011001110001101001001100011111111110000000001110100011110100100001111101011100100111010001010001001000110110010100
00001100001010000010101111001111010110111101010110001101000000010101111111101000110111001111010011010001010111010000111111011001
10011110101101110001010110110110011000110011001001010110100010000000011001110101001001000101001011010010101111000011000001000111
11100010111101101001101010111101010101101101110101110011011010000101111100111111011000000011110100000000000000000000000000000000
11100010111101101001101010111101010101101101110101110011011010000101111100111111011000000011110100000000000000000000000000000000
