01010011101111101110000001111111100101000010011001011010001000111110001110001111011101101110110011001011010001001011011100001011
01001011000011000010000100100101000000111001010011010010000110101101100001111100101000001111000100101001101001001101101010000111
10001111010010000100011001000001000010101011111001010110001011111101010011110111011010100000000000010110000110001100110100111111
10101110110001001001101001011101001100000001010001111011010100010100001011100001100101101010011110011010011011010010111101000011
10111100110010010110101011110001101001111011010011011011001101111100111000011010100101011101100000100010011110000000000110101001
11011000000101001001111011111000111011101111101111000101001001111100000111101101101011101000010000011100000010100101001000100010
11010000100101010101001010110001011001101111011111001011100010001100100000100000000111100110100101111101001111100110110010000010
00101001100010001000101110010010011010101010111101000100000011011100110011000011000100011000001011011101001011100000001101011111
01011101110001011110111010111001111011101100000011000100001011100110100101010011111100001101010111000110110000001000110010100111
10011111011001111100111011011001000001101011111110010101111111001001100010011000101110101101000110001110110001000110101010001101
00011011101111110000111011000100000011100000000111111000111010111011101111100001101110111010110011110001110101000100010000111100
11001011000011011001001011011000011101100111011011001000101111001100011010000001000100000110001000100010000101100100011110100101
11111111101011100010011011101001000010111000001010111111110011101100011011101110101101000011010111111100001100111101111011111110
11111000000111010111110001110111110111000000110010111101101011100011010000001110000000110100110001111000000001011000000011010110
11001000001010001011111101010111101101011011111110111101111101010011111111111110100000100000100110100110000100000100010011010110
10111011001110111000011001111101000011100011010011110000011100111000100101111000000000000000000000000000000000000000000000000000
